"email_hash","category"
"b9f6f22276c919da793da65c76345ebb0b072257d12402107d09c89bc369a6b6","Pants"
"c2b5fa9e09ef2464a2b9ed7e351a5e1499823083c057913c6995fdf4335c73e7","Blouses"
"faaee0ff7d06b05313ecb75d46a9aed014b11023ca1af5ec21a0607848071d18","Blouses"
"5cd72da5035f2b36b604a16efc639cd04b6cfae7e487dcba60db88d3ef870f1e","\"Gingham\" Shorts"
"00449a86bb34e443a5f84635661f63514574a030a15e2e57b81b2c3f4fa49650","Cardigans"
"b6161d458c4cc28331291235d05b3e458918d2ed21abfc4b86e4bac047b5553c","Pants"
"e088d5dbbca4c61e870dd32e2584623da88870327f060bd0d27465136366f353","Shirts"
"4727745894cc3d99632c89a64067f69327913989cddb9e2de5793d4de12ef4ef","Shirts"
"1ed6083eb9dc193dcd42466b57adce9f581cd70207426a37036a5dda3b3ad55a","Cardigans"
"2c3d6ecd8ee8dec11e97c6ca5fb4390ab6b2a48c7f0983f49e80544320878246","\"Gingham\" Shorts"
"4a4bfb8d5cd78831438ec6b6a113e35af90c5c5a762fd12af8364b502a09bfc4","\"Gingham\" Shorts"
"bf3d5f4e627c28d67aba0af8df51ab84209d0cdc99b00a5974e9f6f45e865c1a","Pants"
"8eed1ebcdb88ce0d8f397d8d1fba5de0e224a2294ce1b1ed1e5d04b771d30d4b","Tanks"
"20e17b8b2f9d71804192111f3bc7cc7117f36a5ebfdb0c309fb5886fbcb47cf3","Cardigans"
"4fdd4c60b532053452217587f014b86e6c4dabd531552d75f3d6de7784f52eff","Capris"
"e8cee956c334047056a8820065cd5c1d2575a3285a2b09ff237752882932eafd","Pants"
"8d0eb06f13e26fa3fb1c5f1d7945d544659ad312ebf35f55e0ceb74573468775","Blouses"
"b96c858a8206db09ab13066ee53f24892d2c72b8db7fc0f66db09057e6879d8c","Cardigans"
"2d945909f4fc18d5f124d1b88e5ee661e1b7e9e9dbcd106a61a40053609b7a93","Capris"
"4a95e65a45fbb0174634d5568c8e4e25db629cc3c30bfb3a7c5da27826db531e","Capris"
"fbbeb4a38beb0a28adc7d26eb8c83868ee1302cbc696fa34213ee4227854fcfd","Tanks"
"c5d8f8c5a67e3062474f266ba5ad233ce192d789a4ddf666afc29f4ab1367b65","Shirts"
"f39abbf2ea544d4e2f11b1e746e53f723795b33c96ee32cd2fb5348bac94932f","Shirts"
"c37266ad7483e9f65391fcd78fe992c04ced3075810bae323f21ae5c208363a6","Blouses"
"48bac4da7e7416ffaee70b5a07b71790e02ac782aa05257735d0398b298c9e62","Pants"
"3de048e2cf755e88edf8faa097a1461e70f4ea1c053d06d8ca3600993727d07e","\"Gingham\" Shorts"
"7bd12e173944a4c9649700ab31fa95976480d9ba688b4d60c193882993f2ee92","Shirts"
"cae3fb08f049c397a0a6aba8e2f94dfaf24687bd8a05001a47367fbc5036e53b","Capris"
"d2e616c475b513052dec9830e282c3432fe179f99fa6afc6eb943d08af931bc4","Shirts"
"4ac05dacb62fcc8e8674f217e8c29390c2802970748ae5ec7a7b9e385de06c5d","Cardigans"
"38f304423ea50739aff8e67b486ec722aec07777c9a2e25a6cb9e9163dec78a7","Capris"
"afc009e0e9246fd84bc9d71521adccae01bbc7d52634207732396c2fe4953806","Pants"
"8eb68feddc77279ba2e6d6db85d2f387cc08c0e73add735a1fd427a4ef2d79c1","Tanks"
"e730890bb71b41c306ce931ef07a1ea9a06997b7d13f5e99b2f6a3d5119d619c","Capris"
"a5f7527d4ce53a6e6cc272cef5b2c7bc9237ee7220afc7ef2f236ab20a120481","Cardigans"
"93c7733f0d2d7e55193ee9b07874d3bd8a2eff0c7bbc372b0a5af7eebed001e8","\"Gingham\" Shorts"
"25e385c687261e615aa2eb1266563d6737268ea8204589d9bba5f6446387a92d","Pants"
"7784d669e0bbeff825ecbdb36a3862692bf47e3492a5a4e4fc69acd2aa0fc847","Blouses"
"baae16f536e3bbe07f83cb407648641d78cf0321adc7c75176101911064f423c","Shirts"
"ed74d2225168cc5e63055fff211c7971310de29140f7b57eac7c8b6b148d0832","Cardigans"
"f066747ca77b1283ea29ddefc3dcd49f455e5d7ccd7b6975020f2e3cbcbe5e22","Tanks"
"b5cb51bf78c16667a46d6ad55a0eb148c01084380de0a0dd2026c0b269335850","Cardigans"
"aaa812346934dcd4da6a0b833f0fb688f7df5d23351466f10103c6d144b073e0","Shirts"
"3ad0d6f7b77714673418a27733c80b4b0374a4c11e30742035c908c93f37245b","Capris"
"654c368d2b4e126ee939092a08263d5d68150c2474de71ee7a3bdfe9619ce48c","Tanks"
"bf9d728e7bc31692f38b12a862efd83137ceef441717468f35121e2428d42f42","Pants"
"beed2babda36af043bd416f336c97d025d1076015353fecb0db4577bf7b0bc88","Blouses"
"aea68a6f77c5ba41895caf866dd170b343d4b4401d1086c67f1aa710d06c8f7a","Blouses"
"71cb757c1d706dc3458c05dceca1277af281bd08a8f2ae4e7ae2090df5f8f604","Cardigans"
"f68162a4c51463fef11daedd919ecb69d4a2168dc16e152761117cce05731ecf","\"Gingham\" Shorts"
"e215789f08277db1bf007d4524f77938e5125b9024032566a4386f6aca27dcbd","Tanks"
"998ff6c00213603c24d053b151a2ef5d6d0991edf311de393e6b1f38b4c637ad","\"Gingham\" Shorts"
"cff2c4211cdcc3db25a5eea4c3ef9d8935d83a67dcb85f77dcd9fede75360df6","Pants"
"d26b19d484a5b70fef79802a8f521a5fbfd23f7518773416c4e771e834e6de56","Tanks"
"8cb9f4b523312b6adfc079e7a33e126ae80cc5d6183c3df9cb0198b13e44250a","Blouses"
"59e5f1e1eab0f8a9112eda555674a0af70d54ab5eac07f24f1ea5ad93bf53c76","Shirts"
"f34c9bd2931ec0a4bbae002c2d55a49782eab991f75031d42baf0afde2e2f2db","Blouses"
"c27fcf451eb6933ca02bef2650661f472dde04e6bfcacfc603a0dee609cb2667","Pants"
"586988059447d03ca50591d37c14529cc8f119ef3714a0fd5997a7e46d915e3f","Blouses"
"8d033e6ed165c054a35301ec9a03e218eecb1e58615d943aa637c799157bc67c","Pants"
"92727b45ee998dd902665945573c298f1d432f7441544407470f3afa2e312236","\"Gingham\" Shorts"
"717a447d063b97dc2c678f0b7c5abf1de4d4a011e7a25c98035700da0c7e0d70","Pants"
"db45b78f6024692a9080d3f9d605356a079436182329159d51ce99350a385921","Pants"
"bc5bce977ea6f303f5fd2150a4f7a9fd8e451ba40e00ae6c073be155d8c0c7b6","Blouses"
"43ddb7e88f550cc8844551080f89724660ac55e6b52857b4d02cc1ab75e43d07","\"Gingham\" Shorts"
"8f7accd2e84236bad5ccc0f55e37cfb01e743041e59874874d147c7849bc4b03","Pants"
"a04854a1012a7d436a015c605e04ebdf53e8bfb974c3167c0ddfa00fffc2aa2a","Shirts"
"fea6c03be00afd0f1bb400d8fc6240eefea9626cd7e8364d46e7fea686b0f1f0","Capris"
"b8a4a8bbc00acf61199570c3b36bb4e656ce940697f51b364323934707ece796","Shirts"
"6a07a90f74e555319f62972d15bfa128b036fedf47256e56bde6f7307d76cb2f","Capris"
"22be595f6f51f20be97a851254f52baa4c8de41c40754d7844254934b869bc6d","Cardigans"
"9d5716a9701174c490dde8f249b12578513575eca3c5138ee8511aaa1bcec617","Cardigans"
"c5442aaef95bf5868fa4b0e39bd61f05ae0e278e5c83f95c2f8c8f7676dec9f2","Cardigans"
"da3d819434e27f6efec849b9453b814e2aa13b836847ca126dd7a7288e347fc5","Tanks"
"179d86b14bdc36563e891fead4b48dfa0c80fd7854104f9a3214d27b62f94edb","Cardigans"
"7f732dc5380f593d261000a578ac0e4c35f89ba191eca82f0c3190eb90be1541","\"Gingham\" Shorts"
"a1f1bb68dc58ad72595ac6864bc53aafee90c4a3a030514eed21625d680754ea","Blouses"
"59afe6e61c7ca001f1ff2c22f973bc4601dd4121c1deef2841c63575ef3368c1","\"Gingham\" Shorts"
"f83a2bd36b7ee2bd7b6fa171cd17e19cb60a4417c46a6116870a27dfbeceaf62","Tanks"
"388a9028cf6de9bbd97677857d4b03651de256db73279e3756661d3b869e1378","Tanks"
"1b9a9daa3fa6513bfaa29e8d50c95f266664d4631d7bd5452583274b32c9b1eb","Shirts"
"6079d86ad017a64591f1000dad2e4724c783814d8f991ecfc62471d3c6dadc33","Pants"
"3d24a40d2121a22c8a3b4b05db9cb70915e2affde79762d2ea436bfeab720fa7","Tanks"
"d84342f50cbbb6da5f259e53770ca079bc8753084c745efe8c84a0f1bbbd8538","Tanks"
"2b27a6a25582c8eb15ee5a3b9e812cbb4c2999ae663f61e38b41bb9fd9dc4006","\"Gingham\" Shorts"
"645dc339b9035511db3351ab7e1fb68b61e0778016cafa6a65ec00e9f0f589d5","Cardigans"
"0d251e81a1e7126552ade01030a8cf6d0eb44e254c988f84f399dbf51eda7ef4","\"Gingham\" Shorts"
"6bdff51fd08e6f8931f8f42e32bea23c0ba95e74474ce38bd993d27e57a8bc25","Blouses"
"83462a5bea04c3050aec7aa2efe1f893123bb4e68f3cd4aef8deb28e9cf0f48b","Shirts"
"e74f3746fdc2b0be8c33e68822ece0a18afd062ace779708ce9eada62f6f3ff0","Shirts"
"9795b8ae27465cd595fb6bcb49c3908ebd01be6a873617112c70d8e72496a12a","\"Gingham\" Shorts"
"6332fc7545dcb4770708150e3f748bba16f9d8270bc87f81071eec1383afe31b","Cardigans"
"a016d63baeb3f423572d62639c69405f3ab6f1f4295c0b269a9c8c0ccd87cdf3","Capris"
"2e20fbac81b91ccea7edfad341caf67821b728a80dae6bb03fc0a23ecbb62961","Blouses"
"fd0efffddceb4bcfcd998575f017c6471245436ed7615cd6398088b75688b91a","Blouses"
"1811c1907d0c39045b44fc0ea85811be53a79efb93e57c8f42b5d454ea6f43cf","Cardigans"
"c9d713ce9a10791f1fb2c6ba6db382dbd07832b7c1819d284d1b05b06db492a1","Pants"
"dace15ffb07e257a1c45d25ae2f1dd701d08fc1fd5214d8926ba5110f5b9feba","\"Gingham\" Shorts"
"c77325c0f8254e2baba043f1bf216b8aad4f940dc7ca6a41e711dc26d4b7832c","Cardigans"
"8b06683d198d4666e12966c2bd63e57fd2bf76b842b6ca4e58a5bbd84d00cca5","Blouses"
"c087609bf73564ed4a2fa9c2b27b802ef71a9d94565bf2d92861811210f35479","Pants"
"8863873bb3ba52bca3ca89f1f26de878b380088695ea678e207b125f8341a525","Tanks"
"8fa360a315d0c6c8cbcb23611dec9c3a155ec1a1783dff7efdae33533acff4ea","Tanks"
"f6eab05bb8cae8dc3c7d981eb02a42dfcfb853afbb9e81dc53d32d08e77b62ce","Shirts"
"587604aa941d462c7d6bc0da4181939374e8df5c3fca2dc1b3ea496268c81263","\"Gingham\" Shorts"
"7a90779af6cc66b0085fe563be0f6d96816d17a09d9c38bd9fa79110e7ed0218","Shirts"
"15a3d693aa03276a7d417777ccaff2c05cd5f4f6fa6db79fdeb91e3996cdd115","Blouses"
"0065cde61aa30ef247b157e32f1861a450b303248e64bc4da5218be265f4f1ed","Pants"
"cc21dd8fc95899175caec725378fed095c64c416f0a5b1c70826d9ed77efbb0b","Shirts"
"fcb202fcfc352d3f0bfc0d6a5fadafa83b781a381c3e29586956508b09f7c0a9","Cardigans"
"cca6185f098a7555abe952b30c7bb0656ead5c518c10d1db1fd86417a9508dea","Shirts"
"116ceb039453e4e03395dad3c235878eaab8393691d3222be84d765994a12b13","\"Gingham\" Shorts"
"b09050c96249a06adba4749353fdb3be5343ef878afbb8f48bc66ee383d79278","\"Gingham\" Shorts"
"f835e35c766365fea3f0999a096e68ed6d586caa6593b2fc6747058185c8e3fc","Tanks"
"9e2125946e2c419192c3b94be554f011c6a74a505b34d2f3a9bcdaa26c41cace","Blouses"
"eaf07bf50e0fb6e8825360a17dcf60a12b3ffe2cb6444f94348d1c6812478ba3","\"Gingham\" Shorts"
"6c11328ebadd7bc99d9128fb1fd066df719175ebbb7747750515a83f95e241ce","Pants"
"9ec115728720ea30cbcb1b46b626be7e4acd2acfc2d97e40a1acd3427cbb5a31","Tanks"
"dec439189253f5c0e15b0cd4cc0ab74f943fb492880d26ba174045268ff35b93","Tanks"
"8f61c5c7f40868d62b1f4021e14196ccbb48b946bb6b98e8751f2d911edfdb7e","\"Gingham\" Shorts"
"dbb7b6dbf56e4f5713dbdcb4a50fab2e4afd1469679f996baf0f9fc6d35eeb7a","\"Gingham\" Shorts"
"dbcf1358a75594e7c63cd782d89007492b0866a799ed7824bcd3ae0d6e6814a9","\"Gingham\" Shorts"
"0a2f9ca3a5cd8ea7534eca7facc6b088658e6fe4ae9d16cfafd64648a0774ddb","Capris"
"da5be29a0cfe0e972f90bf2adf4437c45a6f6e55660e9c13ea18bdc41fff7ab2","\"Gingham\" Shorts"
"54ed61d132f97ba8d79649b3fe36ebe6c7e07684fa78fc1db2afd23553efeaa2","Blouses"
"af4111f9cd3f7cfda9c3d87c90d61a1f61b38bd848e098083a6e39c157673535","Cardigans"
"0cab0fb6bcae905af963b0b3bf95a4c9043eab615e56b87828b5838847d06c46","Capris"
"2a1b94b32e71af32b29c26c93554bd25a693b59b3861b03578b293bea2cffb05","Cardigans"
"1594711645c871e444487b4f6fc5136d06ebdfd75a343cd3cdf0bf422f6e7480","Tanks"
"3725e579a40fc91365d14cd995ff2fe571de1815b443abd5cb37fc677cc3ac24","Cardigans"
"84bbec4ebc7ff4b247965460a7558b7e237a1563c5e9b009dbd6c79ac06f9ef4","Blouses"
"3a590b66dc54d2a24037e2266567414549574c723be59519c4192be4d137b8f7","\"Gingham\" Shorts"
"f53d37d6fe20a6d72149f8a87729455a7d698d0b805b082c9690dde5884384b0","Cardigans"
"ba271fda4d9d0f16e325fa4fb34162dabc7aa28b8feddf2f8997324df1150ebd","Cardigans"
"4d37f4db2f875fdd7fbad1311751fe2fb65e922c32662fa5acd3ea082374707f","Blouses"
"603439e5d9be7e4395ac5ae453003172bb2344b5b14cf5d36756449b7343f213","Tanks"
"e7b2db893b837b13dce2cad512ca5e84473ad8a29108f11fa190ad2324905100","Capris"
"000c5e8ddeaccbc7f162c76ff22e5e75b9940cb0c5df6a022c4805e644696dc3","Cardigans"
"c993e8fb95f8695b07abf5792f6eedc43d3d84800a28a3c0da6bb6a3bbcea429","Blouses"
"397e72b31ebc6cb185a33e0786f2e29226bbbb4db8e5ad4f48b26d0a79c26f8b","Capris"
"73b016b7d8b0374c8c8c54fc0e46a4e45eb704a32bd1664cd6f26a0a78dc4e3e","Blouses"
"d1bbc5c0a3c4c9e67101d3f1e051ec9cecd09922789a1a289892b86c69c6c4cf","Capris"
"bbbdacb64e6a866ecb54c8851f4828432a43697647ff89a165f7fb8a631f5d99","Capris"
"c56f7279668daf08c02bedce87ae3ef31c64336f9cbb9bb8e6be7f65ee9763dd","Shirts"
"89c124cbf9de91a806e75a587b058801212f81af6a72a8fc5fb4e19d0b6e0da4","Capris"
"5dbd3ec3a052023d78bd122a54b73e1ba67bb4bfe83087a027d8e7c174db5de9","\"Gingham\" Shorts"
"33145e464dcf4bf428f84235a4f37eeebf86e24d21dd59f49546d9c5e08edca5","Blouses"
"4b46bbf7005f735082975795f78ce4927033e60515bd6b90f64e1803ae104458","\"Gingham\" Shorts"
"47622d541775df9f759aeb68f3cc6e2e815e09e82a2b0506f629157bb6523e7e","Capris"
"535082c5ad8f6da3ae73f1434e255a59a2db0edf903512ac2ba5dd783e1cc35c","Tanks"
"a8186c9266c9e3377ef431e9b428c17df540da2cdc0c6f061bd79ba8186563ea","Pants"
"dd7665c251160402c77bdf7bc0b775405fddc5a82f861b1f206c2e41cbd9c95c","\"Gingham\" Shorts"
"fb9bd412e73cde30353df887d2306a38c66f55fb1bf250180d421c51553512c7","Cardigans"
"4d35f11682c0566dd4383c813bdb40852825439b44612dba612060b63a0f268f","Cardigans"
"11e48efcc27659bfd99856d9fe7eb65f01e36563a27bbe84f52b541cb9ee857e","\"Gingham\" Shorts"
"0523da2b88fc23bf7b4c4a2ec2e2b42c89b5fb7a1acaa83af4e183b46b5eeb7e","Blouses"
"425f4baa24a07bbe8bf8afe3260a809cdf71cc7f88da81132e2e79622245a8dd","Cardigans"
"807d10c0513c42dfe2c4cc3a942d9915389273b617bb2c80cdca68ea3273f8ce","Pants"
"9db3424c0d79a992c8e71cabc20e24e6bd27d92f7ff55c4dc8852e29fea3702a","Blouses"
"c0dcf703449d197fffae190581c9a3599c468fb1875b7d462ff49f56d975ea8a","Pants"
"0227920b43a3a2449f0166b3e4f4c141b18a79d834278e1064e65949e111e51e","Pants"
"7ef4aae65dc18a86df35edae20372eeb8270f422fd3aa2ed5599c91680642635","Cardigans"
"c311647bb1a64f1da35cf0f94281e1092dc8744ff21c6679416c40f901ffaac4","Cardigans"
"917a5704381427dbd3d41c8a284dce0334129d83790e3f06cd1f9543f0a3b662","\"Gingham\" Shorts"
"2fbb309d709cbff36bffc5fb334af03ff559a184ae767b9906686ebee8e1d326","Shirts"
"9f8c4fc5fab9c6906bc0869b7bf5f32132400808717b6083f92a697b6208b0d8","Capris"
"9050950c54fb5330bd9991e8096ba22426c7f7daf7d0c77101b50c12897ab59e","Shirts"
"e894709e4d17d4c455abe188dc06fbebcf27e0ea9f1e21b4c0102d576379bf49","Tanks"
"d9fa5ffbfa86d327c22975d968f4b5bc6f21a39cf1a74f9927d858eedd825d59","Blouses"
"9824ed3da8365019cf9864241ca7219be08fb3d71d3998c79e1b049f1e9ef7be","Capris"
"c4c76dbb8a51defb0cec416aca92dce801f8d763503c2492971500a3cca7d737","Shirts"
"a1ed0c16d5de12feaf015704a7fecfc0cefc35affdfda6873e0a30e3bcb2f182","\"Gingham\" Shorts"
"6c1180df5148642a02db3eff4864a4fcdff8c6e73e25685c95b478789b5d0657","Blouses"
"e537f501dfb114d6dd7933cd85802c641394bf96e491a7514bd4266ded8d03d1","Capris"
"0ed1d2ab486d8b269c1f8d1be7981bc6e58728166cca9e16beae358c35828100","Tanks"
"32e65eaa0fe8c817e704107944476fda69b556ed0551998f3f271391e84f381e","Cardigans"
"708799c1477ded0a8a732ea1d2634ecb8db35a6ec4905fa18b9224295cce2b16","Tanks"
"6a35be21e5a846195457b989183ab2f743bbd5654fa1a8557c4e659b07408dd7","Cardigans"
"6d6d289e99277fdae270b8599002f164d7d2c52674f24e32b81912efc39ffc11","Cardigans"
"681220c5049053dd7de713fbb55d70e498325285ddc17ad4a679d6608cc31efb","\"Gingham\" Shorts"
"cc76d988af4d0b4b8b2297fc1d52e1127f041e7d1e0f3997c6e02d7f3535714c","Tanks"
"42043e2f4a51bc43cd625522bfc6717bff730297f64e738e9093cc810f35292d","Blouses"
"5babff4b61f7b3f74d7d8ca420a864f4f9f96a56e6592315ebed9f23c033365a","Capris"
"56bbfa21f8a3d24936fe111ba1c7a8c0311e70873d6f206c782685d2566d412d","Blouses"
"30b6519a8183e999f05badc83a78655ab76fd570579d840cc345cc0d18e5a21d","Shirts"
"40fbee6cf3600bf598f0fe274ecaf9461f5e076d48360d4ad3b6edea3925acb0","Cardigans"
"73480580e15198d79b60acabd66ea6a3ac52485f9e3eff8cb04ef73d143447d4","\"Gingham\" Shorts"
"0ab690c38e443a6eeab4c9296c8dafaf59aff98d229a43f8e3e0ebe58f98f693","Tanks"
"8e9d4cc33b3a31d4b488bea6366e052fca7e13ae3208b84b36f0935cf6063bc7","Tanks"
"bb9257406485137662ddd02faa129bc7ee3a4773d61735dc5645e2c280c4437e","Cardigans"
"94104bea6500e8253bc7d2a88c5c0faf58ccc992735e16993a8ccdd06969e35a","Pants"
"1ffca296af2aa0a4532d2541dcf02127e4fe2c46aa4bcff892bb8613f39f6f43","Cardigans"
"ad96963bbc8a8360967a6bb547c51a22770a43d16b9236b2baac27b032ed8416","\"Gingham\" Shorts"
"da09a2f178334c841c1493c6d88353c217873e27cca818bced51e26a66f99714","Capris"
"296aec074ee166383c2585d33b78eb28b7cd86a856d032aaeb1dbb24e81e36b7","Pants"
"4f6fca294ed1fd8a889f1379e38f1ee04f3a0bd7a81861294ec4d7c04d991876","Tanks"
"f30ab7ff024b4346f385a78a67f3f598a21e6fbe649fe74a8f8695121a42b2ed","\"Gingham\" Shorts"
"97144ba577a00587350bb5f8b43903e28d7590675e7c2ec2fcbdd818f6420b77","Tanks"
"74ed653e3e892bcd36cb8686843395d7eaec1f1e1d1b76af47d237782c31428f","Pants"
"b3f78171b46976195bc86d71d0c03625f994241dd258699102c1ade30ca3fdad","Blouses"
"399b328c0bdfb4d5e7a8d7bbad26ef4de2469c4811068f82bae58b090868b3ff","Cardigans"
"79c5b79cf7131f4012e996ce1f9b568d79d9af4ae3188676533994b430cdae59","Tanks"
"90ebc073272361560c68f74bdbbda15d8eca65328ffc6ad33fd6e4076acdc83f","Shirts"
"27b47a60c6e83ddf91705e30d7163d85f5e2c59951dc82e792d98264f7de96d2","Shirts"
"1171ab361afe18fe5dd42467e96245f97ffc9a748aa7160013c7afdddede7c8f","Cardigans"
"0bbf9f831a090ab2e4ff603b52c07d8cf24973ad1efd09ec759d4cd8f427a0fb","Tanks"
"a0816e48ac5956570aa5f7ed552534bc75a7aa47df7c680d067ea7b38f4a99ae","\"Gingham\" Shorts"
"64bc6bdc946dfc2e71227738d4f9513445f7ab93814136c6c675cace0258a29e","Capris"
"514443d1363f60228cf367a318d6ce3907a3fe5117fe5f5531e3055719fff451","Tanks"
"1d68930359847e855928d851789701e780d1aed32f40fbd808a36619a198eac7","Shirts"
"1f89b9e5e91e28b448103d8d14c8802382523934d439b995e0b5693071963991","Tanks"
"957f3cdcd5a5f9dcc0137377648b939c60d2fbb980110c384aa5305e24703f3e","Shirts"
"03ec8c2e6a17903af7f2a0b604127f91a6be38caa04d84224861f8b785499329","Pants"
"3b13daf29e360d56a4e80046c763bd925b8cbe60870d5c2c56b78d88db30d032","Cardigans"
"99f59bddbb78a2ee92b520dd1674ae986f406809d6a1eaa06a1573cebea1c624","Shirts"
"0608abc0b1a7eeb6ab56c664ae208169ea0a8c15b3abfeab6c68f083dbfb50ba","Capris"
"4a6a06ee01e97b7f83543d3015c5dbbd9e81685364594cd43474be025a3acc93","Capris"
"8b6914f2141168d8b928e92fc0d3ebe6debf13f198dc6eb228425ee0b9d45f91","Cardigans"
"77c5ee91de5cd474ac44344530a3f16501ed8ea6b7ec3d5c4b5b2925ccf562ed","Tanks"
"8c7e2854cc9dd7a23c7f87958a1329477b390371c5eaf30dcc26316ebf64fa3b","\"Gingham\" Shorts"
"68e2d907ee44fa5bbe39861af74613b8f583fa8584d0fe23669b35919127d6ea","\"Gingham\" Shorts"
"5ae1dea9393f2fe2b299eea9257c713b95e60204bf4aa72a930d28a3c51080ed","Pants"
"651389ebaa312aaea0a3810efad76cdda866582a1b00eeacf0104c36468fb8e8","Capris"
"f8cad82f6be6be6ac40c6552522a1b181b6b28275ffc3982aea578aa65bbb93a","Pants"
"e2bffb8186636addbf5bd9af6cf906b79d70a702f83f2d59094ba104fe8695f8","Capris"
"d8d9a99e4cd08ce0219996c0b06781fd8ddfaaa4a62f843fd7750918f0b6f042","Blouses"
"c2a7000227ad3ca14c3843525fd9eacc6ff6015969ab25c1f8ef56776e3ede6e","Capris"
"c50d65f8a84b2caac22d4206194f111bc46b2de41e5f237e0794047246f387e6","Tanks"
"2308eaac32ce10f2b99999f06f1843065e2c1b3c85253462f783fd45a5fc4589","Pants"
"e14d40e51c9251cac00e087acd3d987fb7160ff7592f0c02ac53012ffdd4dc95","Cardigans"
"52eccc74c86ef4432dcc9d2381f0d35c02ba6b20889a950c3ce2f8b2aa59955b","Tanks"
"761ce3738a6c3519cb0c9b4f732536e5a8e6d7c09df700d858b3b141ffaf93be","Cardigans"
"d561a50614ce0a41e17348238b937eaa6bc4c0354557a4e82c64ccb13eea062a","Shirts"
"268f834d63acef7118075ebc43c3956ab0e72fb8a6d90fa44ab618ac4da82b6d","Blouses"
"9e652e823582047f1503a5f8cb92332f7b01e7fd58fdb3fa61c21de350a77908","Tanks"
"e82ba2b667551cf09f18136a6c1c4dc58d9ba563d6fb82065c3b8fcd8592bb2e","Shirts"
"59f5a76c108ee73ec6345d4737e5d98f3fd66e87dd03cbe8273446e687b304e6","Capris"
"6051a907006f0d17a7c702536fc059535e360fd9ffc3df269f907b64a342065e","Pants"
"1e4bdbc852845170e1858fb2b358a8c02e3de1f7c1dc418cb4ee36a3fb1f9f65","Capris"
"0be9607df6cdb85eabdeb78d073800930b2d05f0690d38f72b3823b95efeb31c","\"Gingham\" Shorts"
"ae7e4e482ecf843ed70452511dd37634cec744230e73e88b2f80490fcf4bb905","\"Gingham\" Shorts"
"b9e15fc75458293a3fdbe007230ddb8c93fb9fe9afd9b6eac18d6db5d460ad34","Pants"
"2b5fcf9c9fc6d48d05f17bbfd0cfb9a91770a350bdd75d10555e874743623dd8","Shirts"
"14a4fe1345c239eb136f632cdef596a4499644aaae208c11cf14b431d8835c71","Pants"
"805674ebded6336c957918b1725682e7c4d2fdf7404414db36536620cad0d6a2","Tanks"
"329f89590a16b868cd0c6ed8362d8323209cd8eee9cd072e67de8985c851c083","Blouses"
"441659ad88c787c99283f3867f4fbee18041e78480478e39f2a8a37ce2203ee9","\"Gingham\" Shorts"
"dd505e86264d854bdabec9ccebb525c46efb5562fa1beb4ccec4059e907d959c","Tanks"
"4dfc014a1c44559715a5795df2f6ceb8edd496c047b004eb61abc24f9ce99e8d","Capris"
"bf7f72801b80b68cd1034431db6e67799e145bdca4438634ee36d3deab00270e","Cardigans"
"5bcdafed5d7053ee3432dd5fa7d6596d369a8ed4c172b1e19923f9b286757554","Cardigans"
"f8efceaaecbb2af6a21ea13e40b8d9b225b4d46661101b3145eab25470d3a07f","Tanks"
"0dfd506a7d0cdce0e0c25d2064a711a47ef6eff665248de1357324a4f7971072","Pants"
"987dd24f0e81cbab7abeace573d17e320deb6640c649c16a42418f2c8fe4cc05","\"Gingham\" Shorts"
"e506c4586ed9a3ff356bb6969417547689b2c511497cacef63865890a43c9e54","Capris"
"c47f7c7e4bdeeea1e670afdf016321430f9e1279107fe3db82713bc75d54c143","\"Gingham\" Shorts"
"f1c5e8b0f8b4208fcf3d9086dd00a45ea47647315a7454a1e62bede205d6af03","Tanks"
"e83a51e5e1427f1184fd7ee81cc3a3a3303d321d04e7cb32791cf58aabf1a886","Cardigans"
"1944b30bddd6acef3585b70912eb53ea7c5aa055c0729145c91e47f7b5562fb9","Shirts"
"33d935c5edfc8dbdb574edd5eea0d045223676437339dcf3c5e86e619d7f448d","\"Gingham\" Shorts"
"1e7f9030705123fb479cb97e87d81aadd715d6162ed95855b7f026cfa9e91a24","Capris"
"6bd5b5540a72617ae3735dc8c1a0f56badac9a6eac9050c5c49319faf6985254","\"Gingham\" Shorts"
"87c376388e270ce6e25cd6e11923c2e8dfd7e6ffa53693d0e7a669c83d7d732d","Tanks"
"f090b2cffe63e72590459326694d260cf603dd315a40701eee953fe0a2935403","Pants"
"ee94df0d3f6ed78c710d4d814ac950257a854cf1bd78f0fd37bbabd0cd5b7c08","Pants"
"d9c48fb99cecc669db6ed65501e3fabfd9d6ed9ebcb83a221361d290afd16ffa","Pants"
"e493a6156d0db30bf06a12e4bd7a29fbdb4c62ac775beeb7edf185fc31f1173e","Capris"
"6a8d7726fdeb13feba6e18e5a1a72a9d7dc0066c6567669771e1fc5c1ca41111","Tanks"
"831699d2c530c4910cb58f0978fcece1c078d2d5319bd0c3f5103f434dcfac84","Capris"
"7566b2e3dece46ff8cd7ab1936b41cccbc9077d724a8711df20e7b130421588f","Shirts"
"deaa56df956dcfda0e786a54eb3119fb29188b984916303a0b76b424459f86f6","Shirts"
"67c7a44d77aabf2808b266921a25ddbeed0a1c045e06282df082023e732a2845","Shirts"
"29b3a89a82743599a87e38182543927b56754738ec35cc6bdaec2ee93d63c33a","Blouses"
"caef89bf102131f3ff605e2951d180046b13142823eafd7946c90d5c1b65f94e","Tanks"
"e4d89b4ab68f29f04991f687599392a568f21afd6f61c7fe1dca5342e5181db3","\"Gingham\" Shorts"
"b0583d2c1fccd96fdffa1b1d09f876aaeaa6feea3336239bb57bb6740f100e79","\"Gingham\" Shorts"
"1f471b7807c5a296ef7431008a2edc71b492e1e874a7ac352e5e81c01eb6aad0","Shirts"
"50e4f1ac7c43a57d7ce52e0f9f46d19604f1a2b0bd1863a3ff9f61b157ed0a03","\"Gingham\" Shorts"
"a302cb391f34673db7e0ee8915ff1bf7f960bbe30d639a91c53d0b66ac9a04ab","Blouses"
"cf4ad399df66ce6052148983437463ea3b4badf5048b16acd3f96cc7ad9f16f2","\"Gingham\" Shorts"
"38d3948bd4c4bae6cd622a7e75a75ff0c99e1fe68e2aabce67b6ff2937558e99","Cardigans"
"f7909e7d6b2010dc37bedcb475968b46891d6ea336a753a6c87d80fa411e3d3c","Tanks"
"3c706310411818decc4d32b3447434a7f4ce8ed904ed51778a052a4e99b4633f","\"Gingham\" Shorts"
"62e4a85c8f842cc07d9b67b1c4930b0d0c07b8197e780f9dd24ef3967987aa64","Shirts"
"a9ffb894dbbf0a59bfd851abd616c93ef23af9146f74a8157786dc5dbdbefd31","Blouses"
"96b79699bf040f2903e5d4c82e74c187aef8aeca7807339a891f60f0fac5e3d8","Cardigans"
"338c196c8d0c2ee3bc1abac25bba9f82a62076561635972c3ba9a8415a0195ab","Cardigans"
"0c989b906bfe6b42c038cc14523378c6a188d0485c5bc5cfdc558c18740573b6","Tanks"
"a5e118586397ef00f2298c6406c151d0cda2c0be481d8c5f4a3d28e8924c93e8","Capris"
"4ef0e46ebf51b42e66a1d1c29b22716cf4e0bd187a498d89de4bcb3477b8b773","Capris"
"254b24057fe1986e4ab9689865c15a531a0c5be5ebb5efe0f473a6c0f7c043b3","Capris"
"f40c14b0c8989057e0baef54deb720a81fc38d65ac6b0b2a397766f7cf04990e","Shirts"
"bb851fece666c96ce4c1146300babbecbef5eb2591e690a698f97697b117a871","Shirts"
"03a64625853fece899e1ce0c34459cb7f62e046c9161720f6b28aff145f4daac","Cardigans"
"774bddccc16d541eeb195f60a3f6606971b9cc2c7a615247794ca7483492d1ee","Tanks"
"bfd05f432595f17040fbe3ce466f126f110d417fb446b6e84cf146aaff72a5b8","\"Gingham\" Shorts"
"b1e2d4c27af3d62cb9de84379c53f5cf19cc44cb6d0fb999e89c89f4dae32223","Pants"
"83cb812694c19d3bfa3a591cb5288bca8d80f55d66efd29838d39df71a3bdc68","Tanks"
"0643f982031cdb11708242f6514a977144f4a240cb3164bb966471b87d448530","Pants"
"dd392a46b29dd9d2886dc3dd0f204f0cd51eb08cc03740e9497a2878b892dae5","Cardigans"
"f9b900da785a2096b7a716c0d1a72e7df90cfaafa7e4db43e8353312bd4fc2b4","Shirts"
"a8df489e6a6b3e1c00622a1d84c776ca36a3a5cce82533d1a567d085ccb4beca","Blouses"
"27985a627a80930d7dcfa860ec0a319e9f96af22ccfb46bee52670442aa9326a","Cardigans"
"d4aa9ec4bc2c34f6ef3d1007fcd2da0802ed196c4f52cd3a863c7c0359f7194d","Tanks"
"fac11f077a0a2bb111f572bcf9cd0b0b6662c3eec33d0dea80e3b3db2c055edc","\"Gingham\" Shorts"
"42fe526c2f1173d51482944df6c7109b7f6da377c1809fdd53e3e3f1707c512d","Tanks"
"4f8aaf78e4178a9b79601b2f7d0b7df555595dafad12ab9dda43073ea3233a11","\"Gingham\" Shorts"
"57d2cac8e620a48934d3238f92e18631d8a8f0539b94b6cf1b44c5e6457adba7","Cardigans"
"6f01e9a7af73763d38af3fe04c82e96db253f14d275e8ced8eeb2bb6eff63810","Tanks"
"e577345099927928078d8564d1ebc1c0dafca1013cb0d21fcc20172a5b5d8706","\"Gingham\" Shorts"
"53763c215f2b377799848f1c902ace848888deb595f21dfc29ffaaf49b60afac","Capris"
"8a48ef105b0742cb38fdcf6e297146a12bd1acc675ee20a813972bd49a0ee656","Pants"
"b2380020b8458a8edb1bc834bd239bc20fdaef234656e79db226b97c03495a25","Shirts"
"8e1e756c41bbd7c145edbd3a8eab730a7150ae6785be03b835a2717047d0d64a","Cardigans"
"a69e6701ed2d613b65d6379ba53938efeb40765d2ad1cba09020bf43157fd465","Capris"
"61d34ad54ae164076118389d046c52f63b0cb7c6bdc39dffca6b5b8ae47d3621","\"Gingham\" Shorts"
"7aba8bcfe903ee6a7b8b53ef74b12b08079670ca72d644f97a51144198e21cf0","Blouses"
"f7197aaff8199c313dac78095bbe7d3d70033e261b0a9faf0bee8c472b42a27c","Cardigans"
"f77386c5d5bc8f804112a000f1b3d06640e65a2cebd59ac45613712673b57db6","Shirts"
"9eaa3502aeca389db245ca6479dca7d8b7eb3ec1fced1d2b40cc75314c068cdc","Blouses"
"eefa8266c7110247d2d251efc2f94aad7b1864e56f7066420bcabb30b828c928","Capris"
"a97eceb61a2052f1f0feda95b7b100730b3e2f8a1bd9045ce3132462c40f1593","Capris"
"fa499fc2c3875ecb8dd8e537e78caf505c85cd99e977dba3ffe398d03d095816","Cardigans"
"08619197726dee33b5791fa91c0c501b070dae3b6276b58fb90d55a1079ef5aa","Tanks"
"fe01233fb5f621dc5f78f821cdd4e7d36b983f0fce5e498480befaaacefed982","Capris"
"ff2b8124d01a30d44b814b752995601d422b1ff114e4c7006ece588ec3e62902","\"Gingham\" Shorts"
"5b16130deabbdab1434b6bb2116f0467bd95cf58c2ea8153fbfb5c8cb140bf78","Tanks"
"7df301ee691eddcf79038c8362aa62651d03ee413b0e4ba32feb48d2edc0bc0d","\"Gingham\" Shorts"
"52bc7f1c3ed7c43e2f87f75227192f2ca4b5fe177473a5ef564979a06d45c10b","Capris"
"125f5408d420b1be56db2b00a85c3a4743246b9371f5cfef24a2683e9e0f2062","Tanks"
"c7d5c4689f3e4bca2d411683c1661f6b3bfc4ab4620899516aae4d0858410f98","\"Gingham\" Shorts"
"2667b82334458b35f501bce24915a8d890626f9a74549e6226d7114369432195","Capris"
"8d2cc41c811d7f617107a00c03ffcbafe5eb200dca3294cb0a60c0ff46ab7f3d","Tanks"
"1c26bb2eb6c399ca08c6fba67982e72f5f566de751ca6565a30e701e1a6f2179","Tanks"
"6d5c8b7270eb99e13297d8575381946b1abec4d1d83a8c0520bd4c758060f28b","Blouses"
"5190380f0553d8ade6de4c29cf3528166ae23db9a5f729506c94c44b3809d6b8","Pants"
"91a1fc45e055fa8ad2d143d0f71a6f91f3bd08c314610fa3f3d8f26cfed9c349","Pants"
"9039556aa8c9eb583cccbd62166e580bf6ec7c5d25ce24489e004aace638cf42","Pants"
"8b73592d0ed57562713230748d4abbf918821e03c29789f9a47a0aa5b38bfee1","Blouses"
"1b213d4f15ab6f8523de9231550c0d098a38bda8d670fe77d5f83eaee72fa4d2","Cardigans"
"37b090a8ca66f910b60eae2358fc023336ed63d61b61506d2bcad7e1d1b1e085","Pants"
"38eaa4711495cf4b2ba3cfb887fa71cc7fa5c42a64ff096602014e7251cce143","Cardigans"
"051f62ed990665b4469648cd72f870feb30648aa6e9cbab33f721ffabc1588fc","Pants"
"c1c14a891be69f22f64d047aabc4be611c1fdd3afdd1d984138d6fa7c36135bd","Shirts"
"fe99a3bba331aedbde80dde2fc72419091310441b922d346c446d15c09f9b181","Cardigans"
"85a533a2d6174f62e765d89ab2178cf01fe19bb8f5cbb937061ef415cbf1ba6f","Tanks"
"9731c3e2e1120ecedca85968b01d6e19597eb09ac11851ca644587b9823209ce","Shirts"
"8c01b0fe86fbe7f0a9333d73cb83a5c613507c04ca2f4656d520ea920124b763","Cardigans"
"bcbafd90b9038de2a76d2ae88cfd5fd63e6a35a5ee8f156debb204218d020484","Tanks"
"1e28eff7f1c2a89b2c1d445990598b0ebf9d28b3af9e5623a34fefc2af3bc151","Pants"
"bdeb91cd374baed515292ce746ec9fd87e5bafdc2324dcb9fbfed9030bf1bd9e","Capris"
"3a5f37dbcbb41472d783ac6f50f3d64a4a9d377b9ab517374d7bc8f6304f7032","Cardigans"
"6e4a91b3822717a0d8a9af2504fba5f3c0b71076d3ae1c2d4ed9254256dc0b22","Blouses"
"c79f99c4623b08f930813360d3ad891b60effb78b4dc3eead9325f7c08ead0ff","Cardigans"
"ed6d2786aa8f881605650b97eb85e0e39aae36e549a47c96992a8c1b110c7cf8","Shirts"
"0f793775dccf1a562aeefaf7e0e93d9a0a5006acbe5534be3fb8eb0b1c91d47c","Capris"
"8e587a00dc57c25b9cbc6ee45fd2d58c4fbda05988fd5e3999c8a57261661715","Pants"
"dc990696d8720fbc3821b2075193e8ffdfe1169fd9365a9267ffde9e5ca83768","Tanks"
"016d3a244d8879d19583b221ed78390b02b8faf2fae701c91d0a03b6aff77c2d","Shirts"
"1f8eb9b8252bf994ac18da03dad9996f73195d467f228a6812c4c6148a824689","Shirts"
"7b6494a591422dc7ab7ff3bcec02c9249d73ce6961d14c9508b1c19384950f0c","Tanks"
"fecae69c752ba90b59278e2cb7be1a8557721958bfeed9ac96f0088c849424ce","Capris"
"02d43f10ec84c420d9dc322e5c7c7184da471606e91555b5c37a4f5ec69bc850","\"Gingham\" Shorts"
"3f64378bbc36e2ff1364aa0335a6d7f7a849851236f07e19489479249dc6b1ae","Shirts"
"f508d4fbd9c10e205cc8b3b88326bff3dab531fbc645a02440ce38408ba1aea5","\"Gingham\" Shorts"
"b07d4f834327e906613e66e10be3947f6a0d094d192ea70541a9299c522ffc84","Cardigans"
"035e54bff9da95ed6b5145e95a41d3bf3fd0fbcac1d323703283792f1ab1b2d0","\"Gingham\" Shorts"
"2c9d5bbb08085f794607a34223f93dd5bdd323ed4f2fbe6bca29d77ccff9ee4a","\"Gingham\" Shorts"
"6e583d7f570270ee3ddf2a59cc761e557f99eb67768255ff385e2ed6bcc03aeb","Blouses"
"5a411c43c2c6e1282f0370e224c19a20720827f89ef889e2f509a0d23b0cad37","Shirts"
"1613a8705cd5ac8c21aca0715fa5719d090cb592cd233fe4f75e9a8de7fed5f7","Blouses"
"8696a4434d141df64c55537fa2a89551c41a33f78f86631f4d83a2f317a61baa","Capris"
"92a03998123b15df030dc7e4a3ed838f574951bc268fa816e49ec9886c16a2a5","Shirts"
"f61dd6f159cce956530a9a9854fc938468baae141bb2f7150543348632fc134f","Capris"
"2e9912d86f0cd6312fb4b59e6978f4c9b32d130246cafa35ad174ba30aae04ba","Tanks"
"669776036f06d7d81922b742cf42d5701b589ba57ee3a2f4154d1a5a5461ccb3","Shirts"
"b994f79a61fe1586e8cadd985f6848b6be46425a4c3c648e79d877624f4dce2b","Cardigans"
"bcc54fa8f52b3c6b6ea0e339e5db49ac7da05ee54ae25424507185b33851b740","Tanks"
"f0f5e8d9dcb7992b04b838995281102e69ad6aef2773518891f3d3fb9612b184","Blouses"
"fdeea5690dcb2fab5240a7fa3a2ed7b641aa2005b00df53c657697e198b0057d","Capris"
"f15ef7b7388868692013c35effcf3c8671fa1242c2d3d8bd7e20548bed3cc0b9","Tanks"
"bf370ffe44929bf768568cdb3ae4cc35bb6b31c8738fda9c8fbd107db2822014","Shirts"
"007374de590b5057430e0f0f4729d18f148018a40e2dd0107e5433455ed6acfc","Blouses"
"e759447c0c2b2c6b3002687e16a6006017b4671910b4a431457aad01460cc46c","Tanks"
"e22355e3df8902f1571546368f77c73847892ee1a0f39d4b4fef631a23ef24ae","Tanks"
"cf4418761983e541a27698143041621efb5809120f665b496f091f41591d4102","Tanks"
"b948960215035cc2925a17fddba2e81ffdbb5f524651f4e6689e38ad24ea956d","Cardigans"
"22b4d3b739115a4d2a16798c3861fcf0f4fda176af864e79e3f6bd7276594061","Tanks"
"6c580ef2b86f484fb94998c5ed72eff9802a9debdf5cc5bda87c3c9e0f0f8835","Cardigans"
"3f9b1333947389f36e130d3eb504817eec69071eaf9476127c025c0c40e58a5a","Cardigans"
"54e5b4393dab75f35148f1ff365154ccee50044a604cd69840042e805670b59e","Capris"
"b378bcdb1262a12d427269843816315b0bbe8761e8187cd5ebcb656a28a496dd","Tanks"
"3640a43290055421c4ca58539d1723e7256103960a30cef4e3a1b343bbcee9cd","Capris"
"35286d0f430deafdc5c8e6f1206b1d3ac1fe6e05181a3edc3b1e1ed1ff11acc9","Blouses"
"d59585e088dd0e0e50f2b8aacbc85ff14343253e4c0ec6ddbb9363abfa281383","Pants"
"acfe133f5e56b69327fbb5a106dfc646eafebb6abf1d354cbb20ed309af85023","Pants"
"2aec4dc5734eefc1455e6eb43cf7c8974e2e01071fe46f560d80bf99825fd40a","Shirts"
"5a7f35ca0112fdac7ff63353c74f049268ef4d1a7acf7993eda380e4006acc19","Shirts"
"e5fe06ada3a7bf9646fc71cf941ce2ae3b2bed5a1694aade7181237eacf7a36b","Pants"
"f66c64e5dfd6b4575a80033587b6564c88747c48e7be5f30b7e086c4c09144e6","Cardigans"
"414043f04a1a834762195c4101b07b121533f37de1968765e594822e11669f31","Capris"
"f4f13dcccc65ef9d328f4142c317f85a9b5cc980a1e81b4085f724ef0c4c706c","Pants"
"185ed208e5647ff350f2839d6b1fc4cd1e6af7bb2d8d15ef34367c459ceda916","Capris"
"c274ddf0360f8f486fe09f7c115e69e82d9f4687e7e4deb74d61f19722dafead","Tanks"
"7a632fea437d09fb27ac50820017e107673944aabe0cce006f742e2e75b4dbd9","Blouses"
"b6fb04847a33ec3137e64fe98223fbc0a386502ec88cc613420ad3448fa41679","Tanks"
"8e59b3614ec29c40eec5c4c138db60e732a200190efdf97a27757226dd98ce7f","Cardigans"
"2564d453b5699f138a2980b683eb73243b6bde500bed968ea69d9636625a1f37","Cardigans"
"365dbdd1b628d9dfa50f7095569f07820974f00e7650987bafa6064a87973320","\"Gingham\" Shorts"
"6253759b1fd81a224c25b7c93c7488153f8e153ea6f39012087962ef6e4deeaa","\"Gingham\" Shorts"
"bba604045c208941f39025bb8b1e2c19f61ff05b6a289479bd34ed256771adbf","Pants"
"c7775558b49ab93412b3846132564036c7cccdfcc5622a163c07e785469cc736","Pants"
"9748e680e0869ea7d2b9c3730d44a0614c04e2b0a2f95088fb221e69be66eb52","Cardigans"
"f597807dcf9e1ad6181803bdb8fcc033d506ab6663990fdb764cba594516d9cc","\"Gingham\" Shorts"
"777d8f1c69ee37fa4d94ea07cbc931914a1963c9154b18a1f1177247c93fae26","Cardigans"
"b99220b8ab0a86df28bd46201af0d3c63ffd1251524f9e098822fafb010fec2f","Blouses"
"3a467209b1b0d63f41c8ff1d7dd850bbe0278091cfa5e0b300a78268cb9baee7","Capris"
"b6f4178f38b32aaaa384f0ee0757dc731a0745cd9e93f3c3b743dde998b02995","Blouses"
"56f3bd8852e1c3870e440f05ec24643f63c590fae3b0ff0ca367c77c33d4a6a5","Capris"
"f1d11434b5eb57a9f30193810090f237a4f6d0a5fb61c55e8a59470839cc41c3","Blouses"
"05e68aaad522b0e4921b5474531951cb31c924127d5a510e539e57c75f101f12","Tanks"
"cefd92438e3699e7967eff9e4ee3fa38c5192a1959cab034ba4faaed3f316a22","Shirts"
"c922828a38ccca85e80b8523cecb2c795338cde56fd8e6fcc2d4c01315dd7f3d","\"Gingham\" Shorts"
"548b77075e58828f369eee7be24f094c50b4c07d42c4a7c501054645e3c4340e","Shirts"
"fc04d31a8a87e48d1c3353d602aa8bf17f814115b93f09d9b2c62f0c177b6bfb","Pants"
"ce85b2c04f7786e70804b51b4ec75fa1762a635ef7d8ce4ee6bb666d9157ced9","Capris"
"d4290f7faf0da82a557006248916ccf189de9116abc9bf28da33e272e2c03e94","Blouses"
"f2b16119d99777dd60e1715176ee94570cf05af00f362c698e6c0507b9a993ca","\"Gingham\" Shorts"
"ab87ec23b15c614df870974e3c1d949cf0bd04026156cb808b101197c32a8fcd","\"Gingham\" Shorts"
"3e56b10820d666bd2e1feb1759fc91d7a0d8f1bb5252d94664e20c9be1c23779","Cardigans"
"0d900c627bf9b5425a8577b17b3cb85bc0e3cedf126581993c29de4d31244150","Blouses"
"377b6f1e3167be96b75c3513240e4e949fe05e9a92b9ea6fff1531924889fd7b","Pants"
"8d2dad61e8d132077dc719d03315885b9cf70dcace309d3c23f636acd4fce662","Cardigans"
"1c253d7671b5e9d657fb8d661163a6d0b3768aa5ac12dc794ad74fb22486cfa5","Capris"
